6
10
7
10
5
10
4
10
5
11
8
8
9
9
9
6
5
4
5
8
0
13
8
8
7
8
15
6
9
8
6
0
10
7
9
15
12
13
6
9
12
6
9
10
6
17
7
10
4
6
8
6
6
9
12
9
8
11
0
11
9
7
8
7
9
5
10
4
9
9
7
10
8
8
10
12
9
3
9
9
10
7
9
8
7
6
12
6
13
2
13
10
11
8
7
10
9
13
10
8
8
7
3
8
0
7
7
6
10
12
8
10
6
9
9
9
7
9
9
4
12
9
4
9
10
9
10
5
11
10
8
0
9
8
11
0
11
7
9
9
9
14
12
9
8
6
6
14
5
4
7
7
14
5
9
10
8
11
8
9
7
7
11
7
9
5
29
15
29
26
30
29
28
29
31
23
30
28
27
28
28
27
22
29
26
29
24
29
26
18
28
31
29
27
28
30
30
29
28
30
29
24
30
25
30
27
30
30
28
28
28
25
30
27
32
31
26
24
29
33
27
28
28
31
29
28
25
28
22
27
29
24
30
26
21
31
27
15
29
28
23
29
23
33
32
22
30
28
22
29
26
21
24
19
29
29
29
30
30
27
28
26
17
34
28
28
29
31
29
26
28
16
28
27
32
18
22
26
25
26
29
26
28
21
26
30
30
28
30
29
24
24
29
29
25
26
25
31
25
29
29
30
27
23
29
29
26
26
27
29
26
23
29
23
30
13
27
27
28
30
22
27
20
27
26
27
25
19
26
25
29
10
9
9
3
9
0
11
9
11
10
11
10
7
10
13
7
10
8
9
12
9
9
5
10
7
9
11
12
16
10
13
9
11
9
10
8
11
8
10
10
12
9
18
13
9
9
15
7
13
14
9
10
8
0
4
14
12
9
10
7
9
8
1
7
9
8
10
9
9
10
5
10
11
4
9
7
9
4
0
8
9
8
9
10
10
10
10
9
12
13
11
13
0
11
16
13
8
7
9
10
7
18
10
13
9
15
7
10
10
10
8
9
7
6
8
7
15
9
13
5
4
3
5
1
9
5
10
3
13
0
8
11
8
22
10
9
9
10
8
6
8
10
9
6
13
11
12
10
12
